Shape of conv1 weights: torch.Size([10, 1, 5, 5])

Weights of conv1 filters:
Filter 0:
[[-0.13379546 -0.08330526  0.11079593 -0.11494658  0.10596657]
 [-0.11938083  0.17807658  0.14551643  0.03099966 -0.03139639]
 [-0.18572234  0.15656601  0.0709893  -0.11710749  0.00094235]
 [ 0.00249875 -0.00119865 -0.10175953  0.02345431 -0.03647668]
 [ 0.01374879  0.1989202   0.18097161  0.042224    0.12333872]]

Filter 1:
[[-0.15002099  0.08678816 -0.19733289 -0.0238812   0.01762621]
 [ 0.15323177  0.17736278 -0.19846408  0.02217374  0.15839545]
 [-0.00696194 -0.01304476  0.16181985  0.12074635  0.0587852 ]
 [-0.12219415  0.04329069 -0.19312225  0.19923858 -0.09237301]
 [ 0.16200833 -0.03010345  0.0274683   0.16154476 -0.07365067]]

Filter 2:
[[ 0.10670221 -0.17034076 -0.12735994  0.0324127  -0.03240025]
 [-0.0245153   0.06786265  0.04150221 -0.01074686  0.01429577]
 [ 0.12634487  0.16868012 -0.18767324 -0.18049875  0.09878092]
 [-0.10647368  0.07352453  0.06882548 -0.16610172 -0.05722706]
 [-0.16338594 -0.00190365 -0.07627895  0.19289894 -0.16295342]]

Filter 3:
[[ 0.01029587 -0.08578906  0.04302263 -0.1978904  -0.17488353]
 [ 0.10931704 -0.10706711  0.03541234 -0.04165914  0.08704054]
 [ 0.00855782 -0.14996214  0.06478579  0.11479133 -0.09538331]
 [-0.12153769 -0.19581023 -0.16599572  0.14457224 -0.05185666]
 [ 0.14611948 -0.00971184 -0.15297781 -0.05644291  0.0425199 ]]

Filter 4:
[[ 0.06652694 -0.06904888  0.0324342   0.09251323 -0.11375439]
 [ 0.14484774 -0.15571235  0.1390672  -0.14104986  0.11757775]
 [-0.10016697 -0.1124136  -0.18764663  0.04900169 -0.05934687]
 [ 0.05472901  0.09006216 -0.09891706  0.08807214 -0.12616067]
 [ 0.10956772  0.16573964  0.11468162 -0.0315938   0.00328939]]

Filter 5:
[[-0.17607884  0.08231201 -0.14260773  0.00494597 -0.05316224]
 [-0.13453756 -0.0922271  -0.19006824  0.02943838  0.02993844]
 [-0.05380027  0.19298697  0.19182895 -0.02995846 -0.0557888 ]
 [-0.13868105  0.14439933 -0.07368054 -0.19853401 -0.07471228]
 [-0.04934091 -0.1133884   0.13400786  0.14647971  0.19038379]]

Filter 6:
[[ 0.17883591  0.04841988  0.16934867  0.13454631  0.03925157]
 [-0.19159    -0.06257953  0.08344803 -0.06005738  0.11908579]
 [-0.14894967 -0.00223761  0.1320597  -0.12796627 -0.08367424]
 [-0.03281527 -0.03638298  0.1794437  -0.01431417  0.1054066 ]
 [-0.10636032 -0.17779095  0.01790507  0.05863693 -0.04983156]]

Filter 7:
[[-0.14064837 -0.10931628 -0.06602023 -0.00452478  0.0304688 ]
 [-0.06746669 -0.07996857 -0.02665167 -0.18959144 -0.17931624]
 [-0.05359435 -0.18438108  0.05535598  0.13972893 -0.02779703]
 [-0.14549656 -0.17213388  0.03232744 -0.01230519  0.02652359]
 [-0.18993106 -0.03624048 -0.14779472 -0.03865068  0.00858359]]

Filter 8:
[[ 0.03842251 -0.0070924   0.04165254 -0.06438577  0.07971787]
 [-0.1693226  -0.16532539 -0.00874713  0.17847066  0.00052814]
 [ 0.09351382 -0.08520239  0.02617249  0.0117578  -0.10336202]
 [ 0.16687909  0.15207481 -0.04833961 -0.02796488  0.11987813]
 [ 0.14212845  0.15742221  0.09801316 -0.0193198   0.14222622]]

Filter 9:
[[ 0.1590716  -0.03923154 -0.03862815 -0.03232782 -0.03141994]
 [-0.12059567 -0.1618192   0.12886111  0.00503058  0.16614173]
 [ 0.02996061  0.14230637 -0.07282915 -0.06543038 -0.19886409]
 [ 0.02487862  0.16162162 -0.11174519 -0.04306788  0.05770934]
 [ 0.08875821 -0.13809228  0.1877627   0.03750215  0.1935066 ]]